bias: -0.147465
i_0: 0.341293
i_1: -0.345024
i_2: 0.375185
v_0_0: 4.2039e-45 -8.40779e-45 -1.68156e-44 1.4013e-44
v_0_1: 1.71379e-42 -1.512e-42 1.50079e-42 -1.33404e-42
v_0_2: 2.70451e-43 2.70451e-43 -2.70451e-43 2.70451e-43
v_1_0: -7.00649e-45 8.40779e-45 -4.90454e-44 5.32493e-44
v_1_1: -2.8026e-43 -5.46506e-43 7.00649e-43 -5.03066e-43
v_1_2: 3.39114e-43 3.39114e-43 -3.39114e-43 3.39114e-43
v_2_0: 3.13891e-43 3.13891e-43 -3.13891e-43 3.13891e-43
v_2_1: 9.64093e-43 9.64093e-43 1.00893e-42 9.64093e-43
v_2_2: 1.56945e-42 1.60168e-42 1.55684e-42 1.60168e-42
